1.097409e+03	7.936536e+03
7.529694e+03	6.008611e+03
6.828711e+03	7.443460e+03
8.090045e+03	3.287047e+03
6.153080e+03	8.780914e+03
8.495989e+03	3.897314e+03
2.342279e+03	6.566735e+03
5.948559e+03	5.309967e+03
3.556129e+03	4.303479e+03
1.068098e+03	1.325249e+03
1.798776e+03	1.292906e+03
4.547518e+03	6.156349e+03
4.337415e+03	8.424170e+03
4.123011e+03	5.758321e+03
8.339827e+03	5.482383e+03
5.687833e+03	9.176890e+03
8.070886e+03	1.969157e+03
4.886206e+03	4.685100e+02
8.560280e+02	7.945730e+03
8.744484e+03	6.040220e+03
9.160380e+03	1.474705e+03
3.598116e+03	6.402748e+03
9.049915e+03	1.522710e+03
2.902760e+02	4.300000e+01
1.934141e+03	6.632414e+03
4.717658e+03	2.966145e+03
2.105779e+03	3.382187e+03
5.497777e+03	3.652152e+03
9.125030e+03	8.071162e+03
4.471531e+03	7.939990e+03
5.042298e+03	1.202764e+03
2.538802e+03	1.907665e+03
2.810220e+03	8.158575e+03
6.810744e+03	4.048426e+03
1.922852e+03	9.118845e+03
3.600653e+03	5.069293e+03
7.143151e+03	7.753736e+03
6.206368e+03	6.980335e+03
3.122312e+03	7.300926e+03
4.439590e+02	4.706320e+02
08e+03	
8.993040e+02	1.498536e+03	1.870492e+03	2.591838e+03	2.593837e+03	3.927441e+03	4.550105e+03	5.331926e+03	6.188405e+03	6.926682e+03	
6.159376e+02	9.166327e+02	1.189524e+03	1.577338e+03	1.520048e+03	2.199517e+03	2.475404e+03	2.840289e+03	3.472436e+03	3.699663e+03	
2.227344e+03	4.303249e+03	5.313851e+03	7.473562e+03	7.621656e+03	1.218791e+04	1.435831e+04	1.720274e+04	1.952990e+04	2.253124e+04	
1.462637e+03	2.878188e+03	3.534035e+03	4.979494e+03	5.225893e+03	8.363587e+03	9.826399e+03	1.159206e+04	1.334866e+04	1.527030e+04	
8.929827e+02	1.495179e+03	1.871794e+03	2.550613e+03	2.586818e+03	3.931441e+03	4.542800e+03	5.293293e+03	6.132441e+03	6.844807e+03	
1.605237e+03	3.060494e+03	3.783031e+03	5.307258e+03	5.526589e+03	8.747111e+03	1.021666e+04	1.218658e+04	1.394322e+04	1.594873e+04	
1.106602e+03	1.982480e+03	2.455617e+03	3.394481e+03	3.454840e+03	5.338592e+03	6.224102e+03	7.310083e+03	8.383645e+03	9.487846e+03	
8.299694e+02	1.306871e+03	1.655999e+03	2.309595e+03	2.209654e+03	3.334101e+03	3.775879e+03	4.405180e+03	5.191332e+03	5.705173e+03	
1.472443e+03	2.651769e+03	3.275832e+03	4.598714e+03	4.639329e+03	7.291143e+03	8.439598e+03	1.002401e+04	1.148210e+04	1.296661e+04	
7.501647e+02	1.169944e+03	1.490102e+03	2.016153e+03	1.963947e+03	2.934169e+03	3.335510e+03	3.889972e+03	4.557916e+03	5.015985e+03	
1.297577e+03	2.343414e+03	2.929222e+03	4.028949e+03	4.165891e+03	6.520401e+03	7.595076e+03	9.013062e+03	1.017138e+04	1.176723e+04	
2.213367e+03	4.401002e+03	5.312058e+03	7.537570e+03	7.809307e+03	1.248493e+04	1.461095e+04	1.752632e+04	1.990499e+04	2.283871e+04	
7.584704e+02	1.186281e+03	1.514561e+03	2.020740e+03	1.992348e+03	2.998566e+03	3.426460e+03	3.898313e+03	4.734739e+03	5.080552e+03	
1.249948e+03	2.305029e+03	2.840117e+03	3.961029e+03	4.100799e+03	6.442780e+03	7.524164e+03	8.940062e+03	1.031490e+04	1.168941e+04	
1.814344e+03	3.668356e+03	4.465355e+03	6.334200e+03	6.482481e+03	1.051827e+04	1.232400e+04	1.466094e+04	1.666683e+04	1.897059e+04	
2.612610e+03	4.124388e+03	5.247630e+03	6.918993e+03	6.918700e+03	1.038652e+04	1.182734e+04	1.376573e+04	1.612259e+04	1.784517e+04	
5.678586e+02	8.250071e+02	1.057025e+03	1.369064e+03	1.345053e+03	1.973123e+03	2.157174e+03	2.448348e+03	2.966489e+03	3.171956e+03	
6.085936e+02	9.029529e+02	1.158803e+03	1.531788e+03	1.508338e+03	2.223211e+03	2.467496e+03	2.780608e+03	3.371118e+03	3.630489e+03	
7.363181e+02	1.124798e+03	1.432817e+03	1.887550e+03	1.894580e+03	2.829013e+03	3.172339e+03	3.603827e+03	4.328477e+03	4.713994e+03	
9.072263e+02	1.453098e+03	1.822706e+03	2.473102e+03	2.499760e+03	3.761968e+03	4.331830e+03	4.986361e+03	5.854957e+03	6.491523e+03	
6.368206e+02	9.123909e+02	1.161506e+03	1.562202e+03	1.501099e+03	2.222099e+03	2.425468e+03	2.729989e+03	3.355965e+03	3.555109e+03	
7.553959e+02	1.204513e+03	1.531397e+03	2.035749e+03	2.043265e+03	3.098128e+03	3.479764e+03	4.075113e+03	4.787024e+03	5.248209e+03	
6.383920e+02	9.453983e+02	1.208928e+03	1.618251e+03	1.540914e+03	2.246214e+03	2.495425e+03	2.880689e+03	3.549273e+03	3.761112e+03	
8.261468e+02	1.324340e+03	1.708833e+03	2.265933e+03	2.277184e+03	3.443712e+03	3.942646e+03	4.633802e+03	5.353187e+03	6.019797e+03	
9.374902e+02	1.608353e+03	2.030835e+03	2.746347e+03	2.782408e+03	4.269727e+03	4.912266e+03	5.794437e+03	6.695348e+03	7.556844e+03	
1.471103e+03	2.746080e+03	3.380277e+03	4.717001e+03	4.840878e+03	7.630715e+03	8.958871e+03	1.067092e+04	1.206243e+04	1.366523e+04	
1.439891e+03	2.633271e+03	3.273266e+03	4.537566e+03	4.729821e+03	7.424474e+03	8.522521e+03	1.016946e+04	1.166407e+04	1.316948e+04	
8.394559e+02	1.375374e+03	1.726997e+03	2.348418e+03	2.370491e+03	3.595784e+03	4.084494e+03	4.765346e+03	5.540283e+03	6.196201e+03	
6.640983e+02	1.021709e+03	1.289757e+03	1.701007e+03	1.700751e+03	2.526259e+03	2.842780e+03	3.236069e+03	3.841123e+03	4.202919e+03	
1.039557e+03	1.819150e+03	2.247083e+03	3.125885e+03	3.204545e+03	4.914085e+03	5.690292e+03	6.700466e+03	7.687983e+03	8.685312e+03	
8.602102e+02	1.403444e+03	1.771251e+03	2.387281e+03	2.394650e+03	3.616861e+03	4.088842e+03	4.815947e+03	5.579738e+03	6.266180e+03	
7.529109e+02	1.157715e+03	1.498576e+03	2.025294e+03	1.942079e+03	2.872256e+03	3.253048e+03	3.739161e+03	4.493074e+03	4.799496e+03	
-04	
2.567868e-01	-3.460988e-03	-1.836152e-03	-2.724975e-03	0.000000e+00	-1.976815e-03	0.000000e+00	1.333535e-03	8.297089e-04	2.437446e-03	
